[gd_scene format=3]

[ext_resource type="Material" path="res://assets/materials/dice/bronze_dice.tres" id="1_fpfo5"]
[ext_resource type="ArrayMesh" path="res://assets/models/dice/standard_d6_mesh.tres" id="2_ljum5"]

[sub_resource type="Environment" id="Environment_64pv3"]
background_mode = 1
background_color = Color(0.18, 0.18, 0.22, 1)
ambient_light_source = 2
ambient_light_color = Color(0.62, 0.58, 0.52, 1)
ambient_light_sky_contribution = 0.2
ambient_light_energy = 0.78
glow_enabled = true
glow_intensity = 0.48
glow_strength = 0.82
glow_bloom = 0.1

[sub_resource type="StandardMaterial3D" id="StandardMaterial3D_vwynj"]
albedo_color = Color(0.2, 0.2, 0.23, 1)
roughness = 0.74

[sub_resource type="BoxMesh" id="BoxMesh_ojvh3"]
size = Vector3(3.1, 0.08, 2.25)

[node name="BronzeDicePreview" type="Node3D" unique_id=467928663]

[node name="WorldEnvironment" type="WorldEnvironment" parent="." unique_id=787824445]
environment = SubResource("Environment_64pv3")

[node name="DirectionalLight3D" type="DirectionalLight3D" parent="." unique_id=655888851]
transform = Transform3D(0.809017, -0.42281732, 0.40830997, 0, 0.6946584, 0.7193398, -0.58778524, -0.5819581, 0.56199044, 0, 0, 0)
light_energy = 2.35
shadow_enabled = true

[node name="AuxPointLight" type="OmniLight3D" parent="." unique_id=1636149334]
transform = Transform3D(1, 0, 0, 0, 1, 0, 0, 0, 1, -2, 1.6, 2.2)
light_color = Color(0.62, 0.86, 1, 1)
light_energy = 1.75
omni_range = 5.8

[node name="RimGlowLight" type="OmniLight3D" parent="." unique_id=930665871]
transform = Transform3D(1, 0, 0, 0, 1, 0, 0, 0, 1, 2.4, 1.5, -1.9)
light_color = Color(0.3, 0.95, 1, 1)
light_energy = 1.25
omni_range = 5.2

[node name="MetalReflectionFillLight" type="OmniLight3D" parent="." unique_id=1662760053]
transform = Transform3D(1, 0, 0, 0, 1, 0, 0, 0, 1, 0.8, 1.15, 2.6)
light_color = Color(1, 0.78, 0.46, 1)
light_energy = 0.55
light_specular = 0.45
omni_range = 4.8

[node name="PreviewCamera" type="Camera3D" parent="." unique_id=821300532]
transform = Transform3D(0.8264807, -0.21976842, 0.5182967, 0, 0.92065525, 0.3903767, -0.56296504, -0.32263878, 0.7609038, 2.35, 1.85, 3.45)
current = true
fov = 37.0
far = 50.0

[node name="PreviewFloor" type="MeshInstance3D" parent="." unique_id=848410649]
transform = Transform3D(1, 0, 0, 0, 1, 0, 0, 0, 1, 0, -0.55, 0)
material_override = SubResource("StandardMaterial3D_vwynj")
mesh = SubResource("BoxMesh_ojvh3")

[node name="DiceMesh" type="MeshInstance3D" parent="." unique_id=2075423351]
transform = Transform3D(0.7535739, -0.34587055, 0.559017, 0.19773579, 0.9302737, 0.309017, -0.6269187, -0.12232947, 0.7694209, 0, 0.05, 0)
material_override = ExtResource("1_fpfo5")
mesh = ExtResource("2_ljum5")
